0.0
0.0
0.00020028707814534165
0.002007043428914778
0.0
0.0003004306172180125
0.0004798544580565477
0.00020028707814534165
0.0024827252395099642
0.00107237039756985
0.00461494809226558
0.003938979203525052
0.002420135527589545
0.011040825182761959
0.010869746636846147
0.0124052809026271
0.014378943151850987
0.01813015321961478
0.030627232366391827
0.01614397302800681
0.03487081483459625
0.02452682177788163
0.0315034883332777
0.038016991020462666
0.0296925593350469
0.0432620088793938
0.035167072804352904
0.04067914010081116
0.04136345428447441
0.04701321894715759
0.0712521280502053
0.04172647461361285
0.06715041559568716
0.061400507393931304
0.07082234536168508
0.06391661381313216
0.05497045765597356
0.07095169743298728
0.0517116199886504
0.06249374102880796
0.05096888874052809
0.056606135460827184
0.06964148613011983
0.04972543979704243
0.07280852555329305
0.06667473378509196
0.07900907968087592
0.06661631672063291
0.06041576259305004
0.0992088660413259
0.07422722569015588
0.0901876022298628
0.06656624495109657
0.08082000867910671
0.09256601128283874
0.05283823480321795
0.08991220749741295
0.0717152919184164
0.07784908368661748
0.06871098574623627
0.05279233568114297
0.0639541676402844
0.03739526654871983
0.05227910004339553
0.034244917715392065
0.03050622559001235
0.030364355576326066
0.015259371766198217
0.01906899889842107
0.012480388556931602
0.01250542444169977
0.007206162165770938
0.006830623894248423
0.0072145074606936605
0.003237974430016357
0.005637246720299095
0.0024702072971258806
0.002094669025603365
0.0010014353907267083
0.0010348165704175986
0.0009722268584971792
0.0002753947324498448
0.0004881997529792703
0.0002879126748339286
9.179824414994826e-05
0.0003004306172180125
0.0005674800547451347
0.0
